0.000000000000000000e+00 2.683058795238667527e-01 6.332519949877992715e-01 5.302952597259872336e-01 6.993920846945949066e-01 4.487170272407101090e-01 6.668911146648710819e-02 1.411093242518840774e-01 5.722287570716406702e-01 4.785120982304080783e-01 3.157862915415465821e-01 4.627289361629358666e-01 7.503749228100097257e-01
2.683058795238667527e-01 0.000000000000000000e+00 7.286842638223182123e-01 6.338822467854725584e-01 7.596408039947967206e-01 5.483300154833001816e-01 3.053830523996222679e-01 1.467449134234030950e-01 6.510312517854082159e-01 5.552029917556733363e-01 4.954925489073774836e-01 4.420271042110182069e-01 7.610694017498226271e-01
6.332519949877992715e-01 7.286842638223182123e-01 0.000000000000000000e+00 2.087419682110246977e-01 4.042039355992844141e-01 2.869665894806483486e-01 5.268272866472922811e-01 7.169320651205870476e-01 1.699725548902195627e-01 1.787977128728171772e-01 5.731343932835982757e-01 8.436400109419166515e-01 7.984379012886558824e-01
5.302952597259872336e-01 6.338822467854725584e-01 2.087419682110246977e-01 0.000000000000000000e+00 5.054207042118391557e-01 9.463036490830024905e-02 4.175956925413316090e-01 6.149023679271652387e-01 2.896404463424714359e-01 2.966208613223309531e-01 5.197559896621574138e-01 8.017256355318779226e-01 8.405355679586883344e-01
6.993920846945949066e-01 7.596408039947967206e-01 4.042039355992844141e-01 5.054207042118391557e-01 0.000000000000000000e+00 5.225011842728564115e-01 6.287946919279733260e-01 7.535298327802719687e-01 2.797205588822355149e-01 3.424222579428866098e-01 6.399793791886022598e-01 8.354352211442137577e-01 5.828003882410817127e-01
4.487170272407101090e-01 5.483300154833001816e-01 2.869665894806483486e-01 9.463036490830024905e-02 5.225011842728564115e-01 0.000000000000000000e+00 3.428019389173248554e-01 5.245395174220797152e-01 2.741171695305100742e-01 2.738234801540780361e-01 5.013915403546702620e-01 7.556128785707461049e-01 8.330843970866760317e-01
6.668911146648710819e-02 3.053830523996222679e-01 5.268272866472922811e-01 4.175956925413316090e-01 6.287946919279733260e-01 3.428019389173248554e-01 0.000000000000000000e+00 1.862944770576255016e-01 4.839089376956207667e-01 3.950414100658313776e-01 2.725075057511600063e-01 4.893602872722436770e-01 7.289964634031211865e-01
1.411093242518840774e-01 1.467449134234030950e-01 7.169320651205870476e-01 6.149023679271652387e-01 7.535298327802719687e-01 5.245395174220797152e-01 1.862944770576255016e-01 0.000000000000000000e+00 6.376192042091417544e-01 5.374903680872502587e-01 4.177856599949328342e-01 4.761125538045604677e-01 7.798210401202035902e-01
5.722287570716406702e-01 6.510312517854082159e-01 1.699725548902195627e-01 2.896404463424714359e-01 2.797205588822355149e-01 2.741171695305100742e-01 4.839089376956207667e-01 6.376192042091417544e-01 0.000000000000000000e+00 8.620643964489201061e-02 5.370056662188211760e-01 7.882919538321015995e-01 7.282057982375912397e-01
4.785120982304080783e-01 5.552029917556733363e-01 1.787977128728171772e-01 2.966208613223309531e-01 3.424222579428866098e-01 2.738234801540780361e-01 3.950414100658313776e-01 5.374903680872502587e-01 8.620643964489201061e-02 0.000000000000000000e+00 4.719253407682775792e-01 7.316960301457706706e-01 7.245630428011617941e-01
3.157862915415465821e-01 4.954925489073774836e-01 5.731343932835982757e-01 5.197559896621574138e-01 6.399793791886022598e-01 5.013915403546702620e-01 2.725075057511600063e-01 4.177856599949328342e-01 5.370056662188211760e-01 4.719253407682775792e-01 0.000000000000000000e+00 2.686704079430174974e-01 5.696833444313319506e-01
4.627289361629358666e-01 4.420271042110182069e-01 8.436400109419166515e-01 8.017256355318779226e-01 8.354352211442137577e-01 7.556128785707461049e-01 4.893602872722436770e-01 4.761125538045604677e-01 7.882919538321015995e-01 7.316960301457706706e-01 2.686704079430174974e-01 0.000000000000000000e+00 4.911951761899125968e-01
7.503749228100097257e-01 7.610694017498226271e-01 7.984379012886558824e-01 8.405355679586883344e-01 5.828003882410817127e-01 8.330843970866760317e-01 7.289964634031211865e-01 7.798210401202035902e-01 7.282057982375912397e-01 7.245630428011617941e-01 5.696833444313319506e-01 4.911951761899125968e-01 0.000000000000000000e+00
