0.000000000000000000e+00 6.601485417446528725e-02 5.328635703080584207e-01 2.894281808582411797e-01 6.934211109698645847e-01 1.767872863139425821e-01 1.330254837147848423e-02 8.670337189125687516e-03 4.893225602659885265e-01 3.641959961955801850e-01 8.851717714738693843e-03 1.398231665936655599e-02 4.765556022893396859e-01
6.601485417446528725e-02 0.000000000000000000e+00 6.378024593832249955e-01 3.838815513581713690e-01 7.988875150186166563e-01 2.627165962011908107e-01 7.900620076209119436e-02 4.222513636692692973e-02 5.944061604948702726e-01 4.630103221097563448e-01 7.590814262315193073e-02 2.525234224687511464e-02 3.125465125338199313e-01
5.328635703080584207e-01 6.378024593832249955e-01 0.000000000000000000e+00 5.459752318373556346e-02 2.054318574081004378e-02 1.301398655546038841e-01 4.133327213247480758e-01 6.290181425030261231e-01 1.531559317638264694e-03 2.499656230609448304e-02 4.342868012424057067e-01 6.243508520132687867e-01 3.614154993745702926e-01
2.894281808582411797e-01 3.838815513581713690e-01 5.459752318373556346e-02 0.000000000000000000e+00 1.365755782340578595e-01 1.751806046847181886e-02 1.925143824418493743e-01 3.688556239269585868e-01 3.817499406921942562e-02 5.940273852854893732e-03 2.089430437879568059e-01 3.640706913056059868e-01 3.040396304475994071e-01
6.934211109698645847e-01 7.988875150186166563e-01 2.054318574081004378e-02 1.365755782340578595e-01 0.000000000000000000e+00 2.400631066891767418e-01 5.668311522176150419e-01 7.950936345527817029e-01 3.296039413450080335e-02 8.834741959056180427e-02 5.892286699234206004e-01 7.904247891377160773e-01 4.327962391623975114e-01
1.767872863139425821e-01 2.627165962011908107e-01 1.301398655546038841e-01 1.751806046847181886e-02 2.400631066891767418e-01 0.000000000000000000e+00 9.922094304340522974e-02 2.428200759841173673e-01 1.047895387839307135e-01 4.346777398265166958e-02 1.118600451782977290e-01 2.386396871009582865e-01 3.075747375605794032e-01
1.330254837147848423e-02 7.900620076209119436e-02 4.133327213247480758e-01 1.925143824418493743e-01 5.668311522176150419e-01 9.922094304340522974e-02 0.000000000000000000e+00 3.739192436494531702e-02 3.726528017148268423e-01 2.582363601123206509e-01 4.650994670816199772e-04 3.839635943023644860e-02 4.075923431677124231e-01
8.670337189125687516e-03 4.222513636692692973e-02 6.290181425030261231e-01 3.688556239269585868e-01 7.950936345527817029e-01 2.428200759841173673e-01 3.739192436494531702e-02 0.000000000000000000e+00 5.836061251310378228e-01 4.501275649866538497e-01 3.043422017983188343e-02 2.335852087857914761e-03 4.778901101707049293e-01
4.893225602659885265e-01 5.944061604948702726e-01 1.531559317638264694e-03 3.817499406921942562e-02 3.296039413450080335e-02 1.047895387839307135e-01 3.726528017148268423e-01 5.836061251310378228e-01 0.000000000000000000e+00 1.424462814660343302e-02 3.930119091245706242e-01 5.791059601804424695e-01 3.488955731032610252e-01
3.641959961955801850e-01 4.630103221097563448e-01 2.499656230609448304e-02 5.940273852854893732e-03 8.834741959056180427e-02 4.346777398265166958e-02 2.582363601123206509e-01 4.501275649866538497e-01 1.424462814660343302e-02 0.000000000000000000e+00 2.764600870895381757e-01 4.452924159904383394e-01 3.139733016787812359e-01
8.851717714738693843e-03 7.590814262315193073e-02 4.342868012424057067e-01 2.089430437879568059e-01 5.892286699234206004e-01 1.118600451782977290e-01 4.650994670816199772e-04 3.043422017983188343e-02 3.930119091245706242e-01 2.764600870895381757e-01 0.000000000000000000e+00 3.243472007481795760e-02 4.218231671990775311e-01
1.398231665936655599e-02 2.525234224687511464e-02 6.243508520132687867e-01 3.640706913056059868e-01 7.904247891377160773e-01 2.386396871009582865e-01 3.839635943023644860e-02 2.335852087857914761e-03 5.791059601804424695e-01 4.452924159904383394e-01 3.243472007481795760e-02 0.000000000000000000e+00 4.351924481027447111e-01
4.765556022893396859e-01 3.125465125338199313e-01 3.614154993745702926e-01 3.040396304475994071e-01 4.327962391623975114e-01 3.075747375605794032e-01 4.075923431677124231e-01 4.778901101707049293e-01 3.488955731032610252e-01 3.139733016787812359e-01 4.218231671990775311e-01 4.351924481027447111e-01 0.000000000000000000e+00
