BPC_1V2STP_Bv4v5--SLM_NIH_19SS_rep1_1Step,BPC_1V2STP_Bv4v5--SLM_NIH_19SS_rep1_2Step,BPC_1V2STP_Bv4v5--SLM_NIH_19SS_rep2_1Step,BPC_1V2STP_Bv4v5--SLM_NIH_19SS_rep2_2Step,BPC_1V2STP_Bv4v5--SLM_NIH_19SS_rep3_1Step,BPC_1V2STP_Bv4v5--SLM_NIH_19SS_rep3_2Step,BPC_1V2STP_Bv4v5--SLM_NIH_9793_rep1_1Step,BPC_1V2STP_Bv4v5--SLM_NIH_9793_rep1_2Step,BPC_1V2STP_Bv4v5--SLM_NIH_9793_rep2_1Step,BPC_1V2STP_Bv4v5--SLM_NIH_9793_rep2_2Step,BPC_1V2STP_Bv4v5--SLM_NIH_9793_rep3_1Step,BPC_1V2STP_Bv4v5--SLM_NIH_9793_rep3_2Step
BPC_1V2STP_Bv4v5--SLM_NIH_19SS_rep1_1Step,0.0,0.00986159726662,8.90286439067e-05,0.00711500728417,0.00211434615091,0.00639773480961,0.440706533348,0.469163215362,0.449626424822,0.468261344547,0.44285251581,0.48389446139
BPC_1V2STP_Bv4v5--SLM_NIH_19SS_rep1_2Step,0.00986159726662,0.0,0.0113731594627,0.000251487629045,0.00690100360541,0.00144735893917,0.352524523281,0.375776748032,0.360328183884,0.37507526797,0.354329424144,0.388954243251
BPC_1V2STP_Bv4v5--SLM_NIH_19SS_rep2_1Step,8.90286439067e-05,0.0113731594627,0.0,0.00837454071376,0.00298079697082,0.00781887556948,0.444947200825,0.473592235326,0.4539474599,0.472678857389,0.447114199555,0.488461927848
BPC_1V2STP_Bv4v5--SLM_NIH_19SS_rep2_2Step,0.00711500728417,0.000251487629045,0.00837454071376,0.0,0.00518018839819,0.00108697141445,0.364206368423,0.388335905683,0.372215521794,0.387583901326,0.366073718704,0.401803561698
BPC_1V2STP_Bv4v5--SLM_NIH_19SS_rep3_1Step,0.00211434615091,0.00690100360541,0.00298079697082,0.00518018839819,0.0,0.0026024005249,0.437274332669,0.464209662047,0.445692127637,0.463399043334,0.43930602552,0.478163848621
BPC_1V2STP_Bv4v5--SLM_NIH_19SS_rep3_2Step,0.00639773480961,0.00144735893917,0.00781887556948,0.00108697141445,0.0026024005249,0.0,0.390237757775,0.414372699689,0.398147566815,0.413640207813,0.392108837501,0.427667140302
BPC_1V2STP_Bv4v5--SLM_NIH_9793_rep1_1Step,0.440706533348,0.352524523281,0.444947200825,0.364206368423,0.437274332669,0.390237757775,0.0,0.00553112019762,0.000136901197923,0.00521196011459,1.56060955002e-05,0.00569384353699
BPC_1V2STP_Bv4v5--SLM_NIH_9793_rep1_2Step,0.469163215362,0.375776748032,0.473592235326,0.388335905683,0.464209662047,0.414372699689,0.00553112019762,0.0,0.00501046305587,3.44857742519e-05,0.00511837740306,0.000458839135109
BPC_1V2STP_Bv4v5--SLM_NIH_9793_rep2_1Step,0.449626424822,0.360328183884,0.4539474599,0.372215521794,0.445692127637,0.398147566815,0.000136901197923,0.00501046305587,0.0,0.0047549342749,0.00011757721766,0.00478047051338
BPC_1V2STP_Bv4v5--SLM_NIH_9793_rep2_2Step,0.468261344547,0.37507526797,0.472678857389,0.387583901326,0.463399043334,0.413640207813,0.00521196011459,3.44857742519e-05,0.0047549342749,0.0,0.00480383899701,0.000528899018411
BPC_1V2STP_Bv4v5--SLM_NIH_9793_rep3_1Step,0.44285251581,0.354329424144,0.447114199555,0.366073718704,0.43930602552,0.392108837501,1.56060955002e-05,0.00511837740306,0.00011757721766,0.00480383899701,0.0,0.00524455941973
BPC_1V2STP_Bv4v5--SLM_NIH_9793_rep3_2Step,0.48389446139,0.388954243251,0.488461927848,0.401803561698,0.478163848621,0.427667140302,0.00569384353699,0.000458839135109,0.00478047051338,0.000528899018411,0.00524455941973,0.0
